141
5
10
31
44
16
3
33
34
35
44
44
25
48
16
32
37
8
33
30
6
18
26
0
37
40
30
50
32
5
41
0
32
12
33
22
14
34
1
0
41
45
8
39
27
23
45
10
50
34
47
2
22
15
45
7
2
0
40
13
25
26
5
6
33
16
13
17
37
4
8
39
29
48
43
50
12
42
15
29
45
26
12
13
39
8
19
32
8
43
12
3
44
1
29
16
2
42
30
17
39
5
49
27
9
36
3
11
2
48
23
32
47
49
48
15
2
18
48
39
16
30
32
21
17
32
42
19
2
16
14
28
9
49
43
13
48
50
4
15
4
47
-1163005939
-1163005939
-1163005939
-1163005939
-1163005939
-1163005939
-1163005939
-1163005939
-1163005939
-1163005939
-1163005939
-1163005939
-1163005939
-1163005939
-1163005939
-1163005939
-1163005939
-1163005939
-1163005939
-1163005939
-1163005939
-1163005939
-1163005939
-1163005939
-1163005939
-1163005939
-1163005939
-1163005939
-1163005939
-1163005939
-1163005939
-1163005939
-1163005939
-1163005939
-1163005939
-1163005939
-1163005939
-1163005939
-1163005939
-1163005939
-1163005939
-1163005939
-1163005939
-1163005939
-1163005939
-1163005939
-1163005939
-1163005939
-1163005939
-1163005939
-1163005939
-1163005939
-1163005939
-1163005939
-1163005939
-1163005939
-1163005939
-1163005939
-1163005939
-1163005939
-1163005939
-1163005939
-1163005939
-1163005939
-1163005939
-1163005939
-1163005939
-1163005939
-1163005939
-1163005939
-1163005939
-1163005939
-1163005939
-1163005939
-1163005939
-1163005939
-1163005939
-1163005939
-1163005939
-1163005939
-1163005939
-1163005939
-1163005939
-1163005939
-1163005939
-1163005939
-1163005939
-1163005939
-1163005939
-1163005939
-1163005939
-1163005939
-1163005939
-1163005939
-1163005939
-1163005939
-1163005939
-1163005939
-1163005939
-1163005939
-1163005939
-1163005939
-1163005939
-1163005939
-1163005939
-1163005939
-1163005939
-1163005939
-1163005939
-1163005939
-1163005939
-1163005939
-1163005939
-1163005939
-1163005939
-1414812757
-1414812757
-1414812757
-1414812757
0
0
0
0
-17891602
-17891602
-1196015345
28026
-899583776
364
-899728432
364
-17891602
-17891602
-17891602
-17891602
-17891602
-17891602
-17891602
-17891602
-17891602
-17891602
-17891602
-17891602
-17891602
-17891602
-17891602
-17891602
-17891602
-17891602
-17891602
-17891602
-17891602
-17891602
-17891602
-17891602
-17891602
-17891602
-17891602
-17891602
-17891602
-17891602
-17891602
-17891602
-17891602
-17891602
-17891602
-17891602
-17891602
-17891602
-17891602
-17891602
-17891602
-17891602
-17891602
-17891602
-17891602
-17891602
-17891602
-17891602
-17891602
-17891602
-17891602
-17891602
-17891602
-17891602
-17891602
-17891602
-17891602
-17891602
-17891602
-17891602
-17891602
-17891602
-17891602
-17891602
-17891602
-17891602
-17891602
-17891602
-17891602
-17891602
-17891602
-17891602
-17891602
-17891602
-17891602
-17891602
-17891602
-17891602
-17891602
-17891602
-17891602
-17891602
-17891602
-17891602
-17891602
-17891602
-17891602
-17891602
-17891602
-17891602
-17891602
-17891602
-17891602
-17891602
-17891602
-17891602
-17891602
-17891602
-17891602
-17891602
-17891602
-17891602
-17891602
-17891602
-17891602
-17891602
-17891602
-17891602
-17891602
-17891602
-17891602
-17891602
-17891602
-17891602
-17891602
-17891602
-17891602
-17891602
-17891602
-17891602
-17891602
-17891602
-17891602
-17891602
-17891602
-17891602
-17891602
-17891602
-17891602
-17891602
-17891602
-17891602
-17891602
-17891602
-17891602
-17891602
-17891602
-17891602
-17891602
-17891602
-17891602
-17891602
-17891602
-17891602
-17891602
-17891602
-17891602
-17891602
-17891602
-17891602
-17891602
-17891602
-17891602
-17891602
-17891602
-17891602
-17891602
-17891602
-17891602
-17891602
-17891602
-17891602
-17891602
-17891602
-17891602
-17891602
-17891602
-17891602
-17891602
-17891602
-17891602
-17891602
-17891602
-17891602
-17891602
-17891602
-17891602
-17891602
-17891602
-17891602
-17891602
-17891602
-17891602
-17891602
-17891602
-17891602
-17891602
-17891602
-17891602
-17891602
-17891602
-17891602
-17891602
-17891602
-17891602
-17891602
-17891602
-17891602
-17891602
-17891602
-17891602
-17891602
-17891602
-17891602
-17891602
-17891602
-17891602
-17891602
-17891602
-17891602
-17891602
-17891602
-17891602
-17891602
-17891602
-17891602
-17891602
-17891602
-17891602
-17891602
-17891602
-17891602
-17891602
-17891602
-17891602
-17891602
-17891602
-17891602
-17891602
-17891602
-17891602
-17891602
-17891602
-17891602
-17891602
-17891602
-17891602
-17891602
-17891602
-17891602
-17891602
-17891602
-17891602
-17891602
-17891602
-17891602
-17891602
-17891602
-17891602
-17891602
-17891602
-17891602
-17891602
-17891602
-17891602
-17891602
-17891602
-17891602
-17891602
-17891602
-17891602
-17891602
-17891602
-17891602
-17891602
-17891602
-17891602
-17891602
-17891602
-17891602
-17891602
-17891602
-17891602
-17891602
-17891602
-17891602
-17891602
-17891602
-17891602
-17891602
-17891602
-17891602
-17891602
-17891602
-17891602
-17891602
-17891602
-17891602
-17891602
-17891602
-17891602
-17891602
-17891602
-17891602
-17891602
-17891602
-17891602
-17891602
-17891602
-17891602
-17891602
-17891602
-17891602
-17891602
-17891602
-17891602
-17891602
-17891602
-17891602
-17891602
-17891602
-17891602
-17891602
-17891602
-17891602
-17891602
-17891602
-17891602
-17891602
-17891602
-17891602
-17891602
-17891602
-17891602
-17891602
-17891602
-17891602
-17891602
-17891602
-17891602
-17891602
-17891602
-17891602
-17891602
-17891602
-17891602
-17891602
-17891602
-17891602
-17891602
-17891602
-17891602
-17891602
-17891602
-17891602
-17891602
-17891602
-17891602
-17891602
-17891602
-17891602
-17891602
-17891602
-17891602
-17891602
-17891602
-17891602
-17891602
-17891602
-17891602
-17891602
-17891602
-17891602
-17891602
-17891602
-17891602
-17891602
-17891602
-17891602
-17891602
-17891602
-17891602
-17891602
-17891602
-17891602
-17891602
-17891602
-17891602
-17891602
-17891602
-17891602
-17891602
-17891602
-17891602
-17891602
-17891602
-17891602
-17891602
-17891602
-17891602
-17891602
-17891602
-17891602
-17891602
-17891602
-17891602
-17891602
-17891602
-17891602
-17891602
-17891602
-17891602
-17891602
-17891602
-17891602
-17891602
-17891602
-17891602
-17891602
-17891602
-17891602
-17891602
-17891602
-17891602
-17891602
-17891602
-17891602
-17891602
-17891602
-17891602
-17891602
-17891602
-17891602
-17891602
-17891602
-17891602
-17891602
-17891602
-17891602
-17891602
-17891602
-17891602
-17891602
-17891602
-17891602
-17891602
-17891602
-17891602
-17891602
-17891602
-17891602
-17891602
-17891602
-17891602
-17891602
-17891602
-17891602
-17891602
-17891602
-17891602
-17891602
-17891602
-17891602
-17891602
-17891602
-17891602
-17891602
-17891602
-17891602
-17891602
-17891602
-17891602
-17891602
-17891602
-17891602
-17891602
-17891602
-17891602
-17891602
-17891602
-17891602
-17891602
-17891602
-17891602
-17891602
-17891602
-17891602
-17891602
-17891602
-17891602
-17891602
-17891602
-17891602
-17891602
-17891602
-17891602
-17891602
-17891602
-17891602
-17891602
-17891602
-17891602
-17891602
-17891602
-17891602
-17891602
-17891602
-17891602
-17891602
-17891602
-17891602
-17891602
-17891602
-17891602
-17891602
-17891602
-17891602
-17891602
-17891602
-17891602
-17891602
-17891602
-17891602
-17891602
-17891602
-17891602
-17891602
-17891602
-17891602
-17891602
-17891602
-17891602
-17891602
-17891602
-17891602
-17891602
-17891602
-17891602
-17891602
-17891602
-17891602
-17891602
-17891602
-17891602
-17891602
-17891602
-17891602
-17891602
-17891602
-17891602
-17891602
-17891602
-17891602
-17891602
-17891602
-17891602
-17891602
-17891602
-17891602
-17891602
-17891602
-17891602
-17891602
-17891602
-17891602
-17891602
-17891602
-17891602
-17891602
-17891602
-17891602
-17891602
-17891602
-17891602
-17891602
-17891602
-17891602
-17891602
-17891602
-17891602
-17891602
-17891602
-17891602
-17891602
-17891602
-17891602
-17891602
-17891602
-17891602
-17891602
-17891602
-17891602
-17891602
-17891602
-17891602
-17891602
-17891602
-17891602
-17891602
-17891602
-17891602
-17891602
-17891602
-17891602
-17891602
-17891602
-17891602
-17891602
-17891602
-17891602
-17891602
-17891602
-17891602
-17891602
-17891602
-17891602
-17891602
-17891602
-17891602
-17891602
-17891602
-17891602
-17891602
-17891602
-17891602
-17891602
-17891602
-17891602
-17891602
-17891602
-17891602
-17891602
-17891602
-17891602
-17891602
-17891602
-17891602
-17891602
-17891602
-17891602
-17891602
-17891602
-17891602
-17891602
-17891602
-17891602
-17891602
-17891602
-17891602
-17891602
-17891602
-17891602
-17891602
-17891602
-17891602
-17891602
-17891602
-17891602
-17891602
-17891602
-17891602
-17891602
-17891602
-17891602
-17891602
-17891602
-17891602
-17891602
-17891602
-17891602
-17891602
-17891602
-17891602
-17891602
-17891602
-17891602
-17891602
-17891602
-17891602
-17891602
-17891602
-17891602
-17891602
-17891602
-17891602
-17891602
-17891602
-17891602
-17891602
-17891602
-17891602
-17891602
-17891602
-17891602
-17891602
-17891602
-17891602
-17891602
-17891602
-17891602
-17891602
-17891602
-17891602
-17891602
-17891602
-17891602
-17891602
-17891602
-17891602
-17891602
-17891602
-17891602
-17891602
-17891602
-17891602
-17891602
-17891602
-17891602
-17891602
-17891602
-17891602
-17891602
-17891602
-17891602
-17891602
-17891602
-17891602
-17891602
-17891602
-17891602
-17891602
-17891602
-17891602
-17891602
-17891602
-17891602
-17891602
-17891602
Last text string, not number
